Rank: 100.00%
             precision    recall  f1-score   support

          0       1.00      1.00      1.00       176
          1       1.00      1.00      1.00       184
          2       1.00      1.00      1.00       185
          3       1.00      1.00      1.00       209
          4       1.00      1.00      1.00       199
          5       1.00      1.00      1.00       184
          6       1.00      1.00      1.00       209
          7       1.00      1.00      1.00       225
          8       1.00      1.00      1.00       216
          9       1.00      1.00      1.00       213

avg / total       1.00      1.00      1.00      2000

